Ticker,AXP,BAC,BK,C,CB,COF,GS,JPM,MS,PNC,SCHW,STT,TFC,USB,WFC
AXP,1.0,0.7154202913071609,0.6631069343563065,0.7109531051254757,0.559965192757586,0.7750009206187961,0.6851258906781563,0.7296787695612594,0.6962081956998525,0.7068625593049583,0.5700491178163062,0.6479668914077877,0.6915493770035037,0.6925735116116489,0.6844725989661391
BAC,0.7154202913071609,1.0,0.7864319928540684,0.8740736005428973,0.5899638904784102,0.7711866654351777,0.8257964661222733,0.8928601283988234,0.8366190814872735,0.8549007080855443,0.7335333420350233,0.7710758108067173,0.8252297325628487,0.8198965148529498,0.8327024183175838
BK,0.6631069343563065,0.7864319928540684,1.0,0.759902387691702,0.5836985923475826,0.6840864950842669,0.7186624382142821,0.761761280763825,0.7472353430807857,0.7502900319961353,0.6999509186005448,0.8426668544226458,0.7433428442301093,0.7454619205796514,0.6983134739330721
C,0.7109531051254757,0.8740736005428973,0.759902387691702,1.0,0.586288866156658,0.7709424970785125,0.8179486043423179,0.8612723592971434,0.8162759563912705,0.8070940271894599,0.6526336288878137,0.7429115754488782,0.787943972055673,0.7901715535122732,0.7970985910183208
CB,0.559965192757586,0.5899638904784102,0.5836985923475826,0.586288866156658,1.0,0.560383584093363,0.5487887242249329,0.6289657658083299,0.5690386511106799,0.6237140903799583,0.4789984216316416,0.5514557968791602,0.6018166931725466,0.6063378613038167,0.5957659168337096
COF,0.7750009206187961,0.7711866654351777,0.6840864950842669,0.7709424970785125,0.560383584093363,1.0,0.7373645228336377,0.7658795763715458,0.7437031454636017,0.7749190233755008,0.6014945036596232,0.68286996655913,0.7654592840608498,0.7488601079231285,0.7384598490759545
GS,0.6851258906781563,0.8257964661222733,0.7186624382142821,0.8179486043423179,0.5487887242249329,0.7373645228336377,1.0,0.8276643221760941,0.8655017370294144,0.7621388328411953,0.6656965912909407,0.7192225835595436,0.7292523436982783,0.7260066920071724,0.7532134789499643
JPM,0.7296787695612594,0.8928601283988234,0.761761280763825,0.8612723592971434,0.6289657658083299,0.7658795763715458,0.8276643221760941,1.0,0.8252021615397066,0.8391420642836719,0.6779878815938355,0.7477225087968387,0.788485140715442,0.7992061508947884,0.813694857410243
MS,0.6962081956998525,0.8366190814872735,0.7472353430807857,0.8162759563912705,0.5690386511106799,0.7437031454636017,0.8655017370294144,0.8252021615397066,1.0,0.7790255737180123,0.7199080102816697,0.7453903899674905,0.7390702675579076,0.7384738840136353,0.7544411412610957
PNC,0.7068625593049583,0.8549007080855443,0.7502900319961353,0.8070940271894599,0.6237140903799583,0.7749190233755008,0.7621388328411953,0.8391420642836719,0.7790255737180123,1.0,0.6912910674899712,0.7309223733541759,0.8704230984547213,0.8577348896965319,0.8047822837002282
SCHW,0.5700491178163062,0.7335333420350233,0.6999509186005448,0.6526336288878137,0.4789984216316416,0.6014945036596232,0.6656965912909407,0.6779878815938355,0.7199080102816697,0.6912910674899712,1.0,0.6821859002002726,0.6786794316588164,0.6709399866817213,0.6531873447412391
STT,0.6479668914077877,0.7710758108067173,0.8426668544226458,0.7429115754488782,0.5514557968791602,0.68286996655913,0.7192225835595436,0.7477225087968387,0.7453903899674905,0.7309223733541759,0.6821859002002726,1.0,0.7161012451738786,0.7173508377287481,0.6925627774872712
TFC,0.6915493770035037,0.8252297325628487,0.7433428442301093,0.787943972055673,0.6018166931725466,0.7654592840608498,0.7292523436982783,0.788485140715442,0.7390702675579076,0.8704230984547213,0.6786794316588164,0.7161012451738786,1.0,0.8677794034621393,0.790971109843401
USB,0.6925735116116489,0.8198965148529498,0.7454619205796514,0.7901715535122732,0.6063378613038167,0.7488601079231285,0.7260066920071724,0.7992061508947884,0.7384738840136353,0.8577348896965319,0.6709399866817213,0.7173508377287481,0.8677794034621393,1.0,0.8008914061118247
WFC,0.6844725989661391,0.8327024183175838,0.6983134739330721,0.7970985910183208,0.5957659168337096,0.7384598490759545,0.7532134789499643,0.813694857410243,0.7544411412610957,0.8047822837002282,0.6531873447412391,0.6925627774872712,0.790971109843401,0.8008914061118247,1.0
