Ticker,AXP,BAC,BK,C,CB,COF,GS,JPM,MS,PNC,SCHW,STT,TFC,USB,WFC
AXP,1.0,0.7154198845327662,0.6631065843763396,0.7109531608573514,0.5599653055606546,0.7750007139909604,0.6851258172675834,0.7296785769610343,0.6962079051705382,0.7068624180387507,0.5700489894805261,0.6479662426265972,0.6915493700383835,0.6925735950124502,0.6844726437726387
BAC,0.7154198845327662,1.0,0.7864324852209761,0.8740737346831848,0.5899641152484522,0.7711865379676629,0.8257964816659231,0.8928602185122282,0.8366186555732268,0.8549005385370888,0.7335336349579752,0.7710757589123498,0.8252296282832053,0.8198966422141444,0.8327022501916366
BK,0.6631065843763396,0.7864324852209761,1.0,0.7599028067996115,0.5836991324623333,0.6840868195087237,0.7186624406789089,0.761761857923345,0.747235373792223,0.7502904354416597,0.6999512787957818,0.8426668885482022,0.7433433257285317,0.7454619393741583,0.6983135566289659
C,0.7109531608573514,0.8740737346831848,0.7599028067996115,1.0,0.5862891769014555,0.77094234143441,0.8179485536174496,0.8612727616827031,0.8162755907739079,0.8070941913611469,0.6526337065302964,0.7429116202871441,0.7879438670592027,0.7901716890623398,0.7970986727175
CB,0.5599653055606546,0.5899641152484522,0.5836991324623333,0.5862891769014555,1.0,0.5603836594748771,0.5487885564238932,0.6289662227141593,0.5690389667042064,0.6237145217384225,0.4789984902456478,0.5514560296064146,0.6018167534928262,0.6063379387311061,0.5957658583080311
COF,0.7750007139909604,0.7711865379676629,0.6840868195087237,0.77094234143441,0.5603836594748771,1.0,0.7373645094225624,0.7658795871885631,0.7437030729131383,0.7749190210859398,0.6014944916745408,0.6828699796741168,0.7654592540288656,0.748860472272887,0.7384600754776579
GS,0.6851258172675834,0.8257964816659231,0.7186624406789089,0.8179485536174496,0.5487885564238932,0.7373645094225624,1.0,0.827664684232584,0.865501809903502,0.7621387569477573,0.6656966414993025,0.7192222154527205,0.7292520334914319,0.7260068891456595,0.7532133891399999
JPM,0.7296785769610343,0.8928602185122282,0.761761857923345,0.8612727616827031,0.6289662227141593,0.7658795871885631,0.827664684232584,1.0,0.8252020452063829,0.8391421153471214,0.6779878492423523,0.7477224437370883,0.788485468636763,0.7992066358626884,0.8136951611496904
MS,0.6962079051705382,0.8366186555732268,0.747235373792223,0.8162755907739079,0.5690389667042064,0.7437030729131383,0.865501809903502,0.8252020452063829,1.0,0.7790252417650534,0.719907885764451,0.7453901376315649,0.739069912590305,0.7384738892860796,0.7544407168700556
PNC,0.7068624180387507,0.8549005385370888,0.7502904354416597,0.8070941913611469,0.6237145217384225,0.7749190210859398,0.7621387569477573,0.8391421153471214,0.7790252417650534,1.0,0.691290953849152,0.73092201854529,0.8704230556906895,0.8577350810835104,0.8047825336665936
SCHW,0.5700489894805261,0.7335336349579752,0.6999512787957818,0.6526337065302964,0.4789984902456478,0.6014944916745408,0.6656966414993025,0.6779878492423523,0.719907885764451,0.691290953849152,1.0,0.6821858296151709,0.6786795213909622,0.6709400354158741,0.6531869342875724
STT,0.6479662426265972,0.7710757589123498,0.8426668885482022,0.7429116202871441,0.5514560296064146,0.6828699796741168,0.7192222154527205,0.7477224437370883,0.7453901376315649,0.73092201854529,0.6821858296151709,1.0,0.7161011426194943,0.717350938000064,0.6925622057271228
TFC,0.6915493700383835,0.8252296282832053,0.7433433257285317,0.7879438670592027,0.6018167534928262,0.7654592540288656,0.7292520334914319,0.788485468636763,0.739069912590305,0.8704230556906895,0.6786795213909622,0.7161011426194943,1.0,0.8677794203498649,0.7909711439627448
USB,0.6925735950124502,0.8198966422141444,0.7454619393741583,0.7901716890623398,0.6063379387311061,0.748860472272887,0.7260068891456595,0.7992066358626884,0.7384738892860796,0.8577350810835104,0.6709400354158741,0.717350938000064,0.8677794203498649,1.0,0.8008918014623405
WFC,0.6844726437726387,0.8327022501916366,0.6983135566289659,0.7970986727175,0.5957658583080311,0.7384600754776579,0.7532133891399999,0.8136951611496904,0.7544407168700556,0.8047825336665936,0.6531869342875724,0.6925622057271228,0.7909711439627448,0.8008918014623405,1.0
